running client 
start : 2021-09-25 21:26:48.098438
end : 2021-09-25 21:26:52.538545
diff(s) : 4
diff(us) : 440107
start : 2021-09-25 21:26:48.113504
end : 2021-09-25 21:26:52.575747
diff(s) : 4
diff(us) : 462243
start : 2021-09-25 21:26:53.169543
end : 2021-09-25 21:26:56.098110
diff(s) : 2
diff(us) : 928567
start : 2021-09-25 21:26:53.266582
end : 2021-09-25 21:26:56.189828
diff(s) : 2
diff(us) : 923246
